100
2 4
10 5
3 12
7 7 7
3 12
4 2 1
5 1000000000
25 25 25 25 25
2 2
1 1
5 5
1 1 1 1 1
5 448257424
1 2 3 4 5
5 915742169
18 7 21 11 25
5 489342999
14 14 14 14 14
5 666720195
13 13 13 13 13
5 26860569
4 4 4 4 4
5 28619584
5 5 5 5 5
5 865000381
25 25 25 25 25
5 459997943
7 7 7 7 7
5 376079948
24 24 24 24 24
5 761667622
24 24 24 24 24
5 964635415
6 6 6 6 6
5 782989240
11 11 11 11 11
5 17465696
19 19 19 19 19
5 489075246
13 13 13 13 13
5 328543035
14 14 14 14 14
5 833769525
6 6 6 6 6
5 877446365
8 8 8 8 8
5 55571437
21 21 21 21 21
5 164919145
5 5 5 5 5
5 814554890
12 12 12 12 12
5 984686145
8 8 8 8 8
5 162568104
20 20 20 20 20
5 804317030
1 1 1 1 1
5 252049809
19 19 19 19 19
5 101726633
13 13 13 13 13
5 264067701
11 11 11 11 11
5 289375553
10 10 10 10 10
5 934870036
1 2 3 4 5
5 647975072
1 2 3 4 5
5 694309665
1 2 3 4 5
5 345826459
1 2 3 4 5
5 828546669
1 2 3 4 5
5 183793731
1 2 3 4 5
5 263125973
1 2 3 4 5
5 540400958
1 2 3 4 5
5 172927832
1 2 3 4 5
5 711392551
1 2 3 4 5
5 632362036
1 2 3 4 5
5 508674418
1 2 3 4 5
5 95679539
1 2 3 4 5
5 914464327
1 2 3 4 5
5 659635607
1 2 3 4 5
5 316317442
1 2 3 4 5
5 249179149
1 2 3 4 5
5 213644593
1 2 3 4 5
5 987471278
1 2 3 4 5
5 294597166
1 2 3 4 5
5 213742075
1 2 3 4 5
5 657091187
1 2 3 4 5
5 961854263
1 2 3 4 5
5 344385210
1 2 3 4 5
5 988257823
1 2 3 4 5
5 880136334
7 21 18 22 24
5 954364274
24 15 23 21 12
5 35263913
17 18 16 4 2
5 867967058
9 13 22 22 4
5 956709576
4 4 19 21 24
5 597374552
14 24 19 6 7
5 238119786
1 13 17 1 6
5 189019944
11 4 1 24 13
5 960825674
3 18 5 13 8
5 560147234
4 17 21 3 13
5 461021238
21 6 12 11 20
5 649434531
19 22 2 8 3
5 456770612
16 20 8 22 16
5 195564684
23 3 17 9 23
5 122883150
17 9 7 9 16
5 571111688
3 18 10 12 7
5 7087368
17 8 11 5 1
5 428197488
15 18 19 21 7
5 112218021
18 10 14 16 4
5 973974206
8 8 21 25 23
5 387500945
13 13 22 20 9
5 375764145
12 7 11 5 2
5 746880546
3 9 18 19 16
5 121405571
15 21 20 8 9
5 522760919
2 21 14 3 21
5 319345559
7 23 8 11 23
5 606756786
3 3 9 14 7
5 226280320
13 1 7 5 8
5 744946458
8 17 9 19 16
5 417218634
19 14 6 3 16
5 289877233
6 17 12 9 16
5 680355933
8 20 12 3 8
5 534980374
13 19 13 16 14
5 516974394
21 25 13 2 8
5 625545340
12 5 23 17 24
5 737786431
16 8 21 16 14
5 597666287
6 16 6 21 19
5 650525950
22 17 14 14 3
5 894945115
14 11 23 16 9
5 400271375
16 12 2 13 12
5 688688621
23 19 13 11 15
5 241590373
24 21 15 2 22
